101603550001878TAVG  890  1  950  1 1110  1 1610  1 1980  1 2240  1 2490  1 2680  1 2320  1-9999 M  1370  1 1150  1
101603550001879TAVG 1180  1 1170  1 1220  1 1550  1 1560  1 2270  1 2400  1 2510  1 2240  1 1750  1 1450  1  900  1
101603550001880TAVG  960  1 1110  1 1240  1 1520  1 1710  1 2070  1 2580  1 2570  1 2290  1 2060  1 1570  1 1290  1
101603550001931TAVG-9999     970  1-9999   -9999    1850  1 2390  1-9999    2600  1 2160  1 1930  1 1550  1 1060  1
101603550001932TAVG 1010  1  980  1-9999    1420  1 1840  1-9999    2290  1-9999    2440  1-9999   -9999   -9999   
101603550001933TAVG-9999   -9999   -9999   -9999    1870  1-9999   -9999   -9999   -9999    2160  1 1480  1 1130  1
101603550001934TAVG 1030  1  970  1 1190  1 1550  1 1760  1-9999    2450  1 2460  1 2120  1 1820  1 1470  1 1330  1
101603550001935TAVG  860  1 1090  1 1220  1 1500  1-9999    2150  1-9999   -9999    2280  1-9999    1490  1 1250  1
101603550001936TAVG 1310  1 1380  1 1360  1 1550  1 1320  1 1950  1 2370  1 2350  1 2340  1 1700  1 1410  1 1080  1
101603550001937TAVG 1200  1 1250  1 1450  1 1470  1-9999    2200  1 2320  1 2470  1 2270  1 1960  1 1700  1 1100  1
